latitude: 45.85068683 #degree
longitude: 3.16569867 #degree
altitude: 300.0 # m
